	homeo_cgig	homeo_ctel	homeo_lgig	homeo_mcor	homeo_ofus	homeo_pdum	homeo_pele	homeo_spha
homeo_cgig	0.0	13.0	15.0	16.0	9.0	6.0	9.0	6.0
homeo_ctel	13.0	0.0	47.0	39.0	33.0	25.0	28.0	20.0
homeo_lgig	15.0	47.0	0.0	65.0	45.0	37.0	36.0	27.0
homeo_mcor	16.0	39.0	65.0	0.0	43.0	39.0	34.0	27.0
homeo_ofus	9.0	33.0	45.0	43.0	0.0	29.0	27.0	12.0
homeo_pdum	6.0	25.0	37.0	39.0	29.0	0.0	32.0	20.0
homeo_pele	9.0	28.0	36.0	34.0	27.0	32.0	0.0	18.0
homeo_spha	6.0	20.0	27.0	27.0	12.0	20.0	18.0	0.0
